100
91.82
57.11
99.59
92.92
13.20
80.07
63.54
13.03
90.35
79.73
70.34
43.37
43.45
21.74
81.58
22.20
91.75
48.72
44.56
38.13
38.71
88.36
40.12
38.75
71.08
6.19
41.31
9.62
29.19
4.53
82.94
87.17
57.05
15.02
27.53
63.37
76.35
72.49
5.11
0.94
32.72
22.61
59.71
10.80
14.59
3.66
93.07
74.22
30.72
56.73
99.39
28.49
70.82
93.22
62.21
56.12
51.29
20.96
62.96
50.89
96.09
76.08
49.39
44.28
96.54
89.36
19.10
71.68
17.83
69.86
13.05
78.98
56.72
26.35
32.70
46.23
35.79
22.95
77.60
15.29
18.23
69.07
22.50
31.26
61.64
76.37
30.10
91.04
57.29
57.49
98.62
22.78
79.02
21.60
63.96
30.76
94.53
71.54
95.57
8.35
59.92
31.89
43.07
28.84
43.31
93.35
42.06
31.35
65.87
29.70
42.84
62.03
14.28
4.39
40.37
66.05
1.47
41.31
23.87
96.89
11.49
13.12
58.37
78.62
49.43
3.07
23.78
31.63
4.67
0.90
53.76
96.33
68.89
99.77
62.80
10.95
37.90
31.84
20.55
70.51
70.78
13.24
92.69
83.61
32.89
92.41
2.45
40.89
81.39
13.10
38.31
22.49
51.12
23.49
63.78
93.64
20.59
31.11
2.75
60.65
2.23
72.29
45.80
78.03
55.83
74.38
19.18
70.36
50.19
42.96
39.85
51.52
93.47
75.72
52.36
83.86
92.42
62.27
20.33
67.40
84.43
69.31
38.65
74.90
37.51
54.80
56.45
92.80
91.96
98.14
7.88
50.91
88.15
40.51
5.48
84.64
49.70
92.51
49.62
80.18
