100
151.74
89.00
142.66
121.76
56.51
173.42
105.60
44.38
156.22
109.43
113.18
105.40
57.73
26.13
121.95
88.25
93.22
90.03
68.43
135.02
50.20
101.48
98.49
117.37
120.51
9.26
65.09
41.25
33.86
5.43
136.70
183.50
125.94
114.79
90.33
74.32
114.25
104.33
25.66
71.45
103.50
35.85
152.40
94.41
47.48
96.07
95.52
115.11
112.11
69.83
137.70
50.98
121.94
116.71
125.99
149.76
71.88
52.07
65.71
111.54
98.32
148.37
95.19
122.31
152.37
163.74
38.28
142.04
68.02
112.82
52.90
130.50
150.19
102.07
85.06
130.09
128.21
85.22
97.93
82.69
102.66
138.38
61.15
106.16
99.15
131.17
86.55
183.84
149.25
155.63
106.50
73.69
167.17
62.11
69.44
115.40
144.23
164.05
145.19
88.53
